,latitude,longitude,timestamp,coordinates
0,-51.6229,102.4716,1657605635.0,POINT (102.4716 -51.6229)
1,-51.6201,103.0207,1657605641.0,POINT (103.0207 -51.6201)
2,-51.6146,103.5697,1657605646.0,POINT (103.5697 -51.6146)
3,-51.6071,104.0687,1657605651.0,POINT (104.0687 -51.6071)
4,-51.5962,104.6173,1657605657.0,POINT (104.6173 -51.5962)
5,-51.5826,105.1655,1657605663.0,POINT (105.1655 -51.5826)
6,-51.5677,105.6636,1657605668.0,POINT (105.6636 -51.5677)
7,-51.5488,106.2111,1657605673.0,POINT (106.2111 -51.5488)
8,-51.5271,106.7581,1657605679.0,POINT (106.7581 -51.5271)
9,-51.5026,107.3045,1657605684.0,POINT (107.3045 -51.5026)
10,-51.478,107.8007,1657605689.0,POINT (107.8007 -51.478)
11,-51.4482,108.3458,1657605695.0,POINT (108.3458 -51.4482)
12,-51.4157,108.8902,1657605700.0,POINT (108.8902 -51.4157)
13,-51.3805,109.4337,1657605706.0,POINT (109.4337 -51.3805)
14,-51.3461,109.9271,1657605711.0,POINT (109.9271 -51.3461)
15,-51.3057,110.4689,1657605716.0,POINT (110.4689 -51.3057)
16,-51.2626,111.0096,1657605722.0,POINT (111.0096 -51.2626)
17,-51.2167,111.5494,1657605727.0,POINT (111.5494 -51.2167)
18,-51.1727,112.039,1657605732.0,POINT (112.039 -51.1727)
19,-51.1217,112.5766,1657605738.0,POINT (112.5766 -51.1217)
20,-51.068,113.1129,1657605743.0,POINT (113.1129 -51.068)
21,-51.0117,113.6478,1657605749.0,POINT (113.6478 -51.0117)
22,-50.9581,114.1328,1657605754.0,POINT (114.1328 -50.9581)
23,-50.8967,114.6651,1657605759.0,POINT (114.6651 -50.8967)
24,-50.8327,115.1958,1657605765.0,POINT (115.1958 -50.8327)
25,-50.7661,115.7248,1657605770.0,POINT (115.7248 -50.7661)
26,-50.7033,116.2044,1657605775.0,POINT (116.2044 -50.7033)
27,-50.6317,116.7304,1657605781.0,POINT (116.7304 -50.6317)
28,-50.5575,117.2548,1657605786.0,POINT (117.2548 -50.5575)
29,-50.4878,117.7299,1657605791.0,POINT (117.7299 -50.4878)
30,-50.4088,118.251,1657605797.0,POINT (118.251 -50.4088)
31,-50.3272,118.7701,1657605802.0,POINT (118.7701 -50.3272)
32,-50.2431,119.2873,1657605808.0,POINT (119.2873 -50.2431)
33,-50.1645,119.7558,1657605813.0,POINT (119.7558 -50.1645)
34,-50.0757,120.2693,1657605818.0,POINT (120.2693 -50.0757)
35,-49.9844,120.7809,1657605824.0,POINT (120.7809 -49.9844)
36,-49.8906,121.2904,1657605829.0,POINT (121.2904 -49.8906)
37,-49.8032,121.7519,1657605834.0,POINT (121.7519 -49.8032)
38,-49.7048,122.2572,1657605840.0,POINT (122.2572 -49.7048)
39,-49.604,122.7606,1657605845.0,POINT (122.7606 -49.604)
40,-49.5103,123.2162,1657605850.0,POINT (123.2162 -49.5103)
41,-49.405,123.7153,1657605856.0,POINT (123.7153 -49.405)
42,-49.2974,124.212,1657605861.0,POINT (124.212 -49.2974)
43,-49.1874,124.7065,1657605867.0,POINT (124.7065 -49.1874)
44,-49.0854,125.154,1657605872.0,POINT (125.154 -49.0854)
45,-48.971,125.6443,1657605877.0,POINT (125.6443 -48.971)
46,-48.8544,126.132,1657605883.0,POINT (126.132 -48.8544)
47,-48.7355,126.6173,1657605888.0,POINT (126.6173 -48.7355)
48,-48.6254,127.0563,1657605893.0,POINT (127.0563 -48.6254)
49,-48.5023,127.537,1657605899.0,POINT (127.537 -48.5023)
50,-48.3769,128.0155,1657605904.0,POINT (128.0155 -48.3769)
51,-48.2611,128.4482,1657605909.0,POINT (128.4482 -48.2611)
52,-48.1316,128.9217,1657605915.0,POINT (128.9217 -48.1316)
53,-48.0,129.3928,1657605921.0,POINT (129.3928 -48)
54,-47.8663,129.8612,1657605926.0,POINT (129.8612 -47.8663)
55,-47.7429,130.2849,1657605931.0,POINT (130.2849 -47.7429)
56,-47.6053,130.7485,1657605937.0,POINT (130.7485 -47.6053)
57,-47.4655,131.2095,1657605942.0,POINT (131.2095 -47.4655)
58,-47.3237,131.668,1657605948.0,POINT (131.668 -47.3237)
59,-47.1931,132.0825,1657605953.0,POINT (132.0825 -47.1931)
60,-47.0476,132.536,1657605958.0,POINT (132.536 -47.0476)
61,-46.9,132.9868,1657605964.0,POINT (132.9868 -46.9)
62,-46.7642,133.3944,1657605969.0,POINT (133.3944 -46.7642)
63,-46.613,133.8402,1657605974.0,POINT (133.8402 -46.613)
64,-46.4599,134.2833,1657605980.0,POINT (134.2833 -46.4599)
65,-46.3048,134.724,1657605985.0,POINT (134.724 -46.3048)
66,-46.1622,135.1223,1657605990.0,POINT (135.1223 -46.1622)
67,-46.0037,135.5578,1657605996.0,POINT (135.5578 -46.0037)
68,-45.8432,135.9908,1657606001.0,POINT (135.9908 -45.8432)
69,-45.6958,136.3821,1657606006.0,POINT (136.3821 -45.6958)
70,-45.532,136.8101,1657606012.0,POINT (136.8101 -45.532)
71,-45.3664,137.2352,1657606017.0,POINT (137.2352 -45.3664)
72,-45.199,137.6581,1657606023.0,POINT (137.6581 -45.199)
73,-45.0453,138.0401,1657606028.0,POINT (138.0401 -45.0453)
74,-44.8747,138.4577,1657606033.0,POINT (138.4577 -44.8747)
75,-44.7023,138.8727,1657606039.0,POINT (138.8727 -44.7023)
76,-44.5442,139.2478,1657606044.0,POINT (139.2478 -44.5442)
77,-44.3687,139.6578,1657606049.0,POINT (139.6578 -44.3687)
78,-44.1916,140.0653,1657606055.0,POINT (140.0653 -44.1916)
79,-44.0129,140.4701,1657606060.0,POINT (140.4701 -44.0129)
80,-43.8491,140.8358,1657606065.0,POINT (140.8358 -43.8491)
81,-43.6673,141.2357,1657606071.0,POINT (141.2357 -43.6673)
82,-43.484,141.6331,1657606076.0,POINT (141.6331 -43.484)
83,-43.2991,142.028,1657606082.0,POINT (142.028 -43.2991)
84,-43.1297,142.3848,1657606087.0,POINT (142.3848 -43.1297)
85,-42.942,142.7747,1657606092.0,POINT (142.7747 -42.942)
86,-42.7528,143.1623,1657606098.0,POINT (143.1623 -42.7528)
87,-42.5621,143.5474,1657606103.0,POINT (143.5474 -42.5621)
88,-42.3875,143.8952,1657606108.0,POINT (143.8952 -42.3875)
89,-42.194,144.2754,1657606114.0,POINT (144.2754 -42.194)
90,-41.9992,144.6532,1657606119.0,POINT (144.6532 -41.9992)
91,-41.8209,144.9945,1657606124.0,POINT (144.9945 -41.8209)
92,-41.6234,145.3677,1657606130.0,POINT (145.3677 -41.6234)
93,-41.4246,145.7383,1657606135.0,POINT (145.7383 -41.4246)
94,-41.2427,146.0732,1657606140.0,POINT (146.0732 -41.2427)
95,-41.0413,146.4393,1657606146.0,POINT (146.4393 -41.0413)
96,-40.8387,146.803,1657606151.0,POINT (146.803 -40.8387)
97,-40.6347,147.1643,1657606157.0,POINT (147.1643 -40.6347)
98,-40.4295,147.5233,1657606162.0,POINT (147.5233 -40.4295)
99,-40.2419,147.8476,1657606167.0,POINT (147.8476 -40.2419)
100,-40.0343,148.2022,1657606173.0,POINT (148.2022 -40.0343)
101,-39.8254,148.5545,1657606179.0,POINT (148.5545 -39.8254)
102,-39.6154,148.9045,1657606184.0,POINT (148.9045 -39.6154)
103,-39.4234,149.2207,1657606189.0,POINT (149.2207 -39.4234)
104,-39.2111,149.5664,1657606195.0,POINT (149.5664 -39.2111)
105,-38.9977,149.9098,1657606200.0,POINT (149.9098 -38.9977)
106,-38.8027,150.2202,1657606205.0,POINT (150.2202 -38.8027)
107,-38.587,150.5595,1657606211.0,POINT (150.5595 -38.587)
108,-38.3702,150.8967,1657606216.0,POINT (150.8967 -38.3702)
109,-38.1524,151.2316,1657606222.0,POINT (151.2316 -38.1524)
110,-37.9335,151.5644,1657606227.0,POINT (151.5644 -37.9335)
111,-37.7336,151.8651,1657606232.0,POINT (151.8651 -37.7336)
112,-37.5126,152.1939,1657606238.0,POINT (152.1939 -37.5126)
113,-37.2906,152.5206,1657606243.0,POINT (152.5206 -37.2906)
114,-37.088,152.8158,1657606248.0,POINT (152.8158 -37.088)
115,-36.8641,153.1385,1657606254.0,POINT (153.1385 -36.8641)
116,-36.6391,153.4593,1657606259.0,POINT (153.4593 -36.6391)
117,-36.4132,153.778,1657606265.0,POINT (153.778 -36.4132)
118,-36.207,154.0661,1657606270.0,POINT (154.0661 -36.207)
119,-35.9792,154.3811,1657606275.0,POINT (154.3811 -35.9792)
120,-35.7505,154.6941,1657606281.0,POINT (154.6941 -35.7505)
